COLUMN NAMES
Time, random_score, ai_score, label
Cache + Alpha-beta + Without class. (depth 6)
11.779533240973251 4 20 (2, 5, 6, 7) 
10.938305101997685 0 26 (2, 5, 6, 7)
11.183182656008285 4 46 (2, 5, 6, 7)
16.54863640500116 2 42 (2, 5, 6, 7)
12.685360159026459 0 18 (2, 5, 6, 7)
5.903202677000081 2 38 (2, 5, 6, 7)
9.558281294011977 2 26 (2, 5, 6, 7)
20.54051282600267 8 58 (2, 5, 6, 7)
10.945436483976664 6 36 (2, 5, 6, 7)
10.799663374986267 10 38 (2, 5, 6, 7)
18.974566039978527 4 58 (2, 5, 6, 7)
0.11514984699897468 14 20 (2, 5, 6, 7)
11.928317318990594 6 32 (2, 5, 6, 7)
7.570981486001983 4 34 (2, 5, 6, 7)
25.78873858897714 10 34 (2, 5, 6, 7)
5.578947263013106 4 38 (3, 8, 8, 11, 21)
21.64251926902216 2 20 (3, 8, 8, 11, 21)
11.509078864008188 8 32 (3, 8, 8, 11, 21)
8.134043628000654 0 6 (3, 8, 8, 11, 21)
9.766444098000648 0 20 (3, 8, 8, 11, 21)
5.153408135985956 14 36 (3, 8, 8, 11, 21)
8.740846684988355 0 38 (3, 8, 8, 11, 21)
12.544965655979468 2 18 (3, 8, 8, 11, 21)
10.261469228018541 4 22 (3, 8, 8, 11, 21)
15.953268340002978 8 66 (3, 8, 8, 11, 21)
15.002480855997419 0 38 (3, 8, 8, 11, 21)
12.211828967992915 2 40 (3, 8, 8, 11, 21)
10.339716754009714 2 48 (3, 8, 8, 11, 21)
23.75662222399842 0 28 (3, 8, 8, 11, 21)
26.215695085993502 0 30 (3, 8, 8, 11, 21)
19.10319499700563 2 32 (5, 9, 8, 97)
25.435478694009362 0 24 (5, 9, 8, 97)
8.045620129996678 10 60 (5, 9, 8, 97)
22.366000059992075 12 48 (5, 9, 8, 97)
8.447123502992326 4 44 (5, 9, 8, 97)
18.11597451000125 4 40 (5, 9, 8, 97)
12.465965739014791 2 24 (5, 9, 8, 97)
9.40127245199983 4 46 (5, 9, 8, 97)
12.296560997987399 6 40 (5, 9, 8, 97)
11.394460294977762 8 60 (5, 9, 8, 97)
7.573981786001241 4 24 (5, 9, 8, 97)
11.758747294021305 2 28 (5, 9, 8, 97)
9.053044773987494 4 22 (5, 9, 8, 97)
7.723543414991582 0 14 (5, 9, 8, 97)
6.594536052987678 2 30 (5, 9, 8, 97)
Cache + Without Alpha Beta + Without Class
107.71776860099635 6 22 (2, 5, 6, 7) 
219.84568327100715 0 48 (2, 5, 6, 7)
335.0914991500031 4 42 (2, 5, 6, 7)
753.8777182170015 6 36 (2, 5, 6, 7)
503.6016436109785 4 30 (2, 5, 6, 7)
474.61634798598243 4 52 (2, 5, 6, 7)
512.4385113099997 8 44 (2, 5, 6, 7)
331.44216812599916 8 50 (2, 5, 6, 7)
332.55083309600013 2 38 (2, 5, 6, 7)
558.7347010639787 8 30 (2, 5, 6, 7)
174.3280243879999 6 26 (2, 5, 6, 7)
414.3261183380091 6 26 (2, 5, 6, 7)
612.3232641460199 2 42 (2, 5, 6, 7)
3029.4917770269967 12 72 (2, 5, 6, 7)
305.7420380260155 2 38 (2, 5, 6, 7)
366.0202742709953 6 28 (5, 9, 8, 97)
205.71124702499947 4 44 (5, 9, 8, 97)
230.70099492001464 2 16 (5, 9, 8, 97)
454.3618086859933 4 40 (5, 9, 8, 97)
494.4413075710181 8 50 (5, 9, 8, 97)
242.63317473701318 2 36 (5, 9, 8, 97)
622.7536793749896 2 34 (5, 9, 8, 97)
283.21313006899436 0 28 (5, 9, 8, 97)
537.4307293210004 0 28 (5, 9, 8, 97)
226.44262129900744 8 48 (5, 9, 8, 97)
544.0494624220009 10 28 (5, 9, 8, 97)
266.18740907200845 2 32 (5, 9, 8, 97)
376.9025852640043 4 30 (5, 9, 8, 97)
480.65863186499337 4 36 (5, 9, 8, 97)
11.139530587999616 0 28 (5, 9, 8, 97)
Cache + Alpha Beta + Class
18.33566250000149 4 42 (2, 5, 6, 7)
9.550807840016205 2 76 (2, 5, 6, 7)
24.621490905003157 4 44 (2, 5, 6, 7)
11.92646660801256 4 56 (2, 5, 6, 7)
14.156524846039247 0 26 (2, 5, 6, 7)
12.858484420983586 2 26 (2, 5, 6, 7)
20.69473609398119 10 50 (2, 5, 6, 7)
35.727836714999285 4 24 (2, 5, 6, 7)
32.35836431296775 4 40 (2, 5, 6, 7)
11.65736775501864 2 24 (2, 5, 6, 7)
26.662834137969185 4 28 (2, 5, 6, 7)
4.128213590011001 14 42 (2, 5, 6, 7)
23.720790464023594 2 22 (2, 5, 6, 7)
24.932833582977764 4 30 (2, 5, 6, 7)
15.420952385989949 2 22 (2, 5, 6, 7)
28.14341544697527 4 34 (3, 8, 8, 11, 21)
18.843531290011015 2 28 (3, 8, 8, 11, 21)
8.527557815017644 2 34 (3, 8, 8, 11, 21)
15.879609582014382 0 32 (3, 8, 8, 11, 21)
16.689295057032723 2 30 (3, 8, 8, 11, 21)
21.287108002987225 4 36 (3, 8, 8, 11, 21)
89.23282485100208 0 36 (3, 8, 8, 11, 21)
10.914166041009594 2 8 (3, 8, 8, 11, 21)
16.991466052946635 6 26 (3, 8, 8, 11, 21)
83.32029421301559 4 18 (3, 8, 8, 11, 21)
11.344467687013093 0 14 (3, 8, 8, 11, 21)
21.524380661023315 6 22 (3, 8, 8, 11, 21)
14.661309332004748 8 34 (3, 8, 8, 11, 21)
14.983847396040801 2 44 (3, 8, 8, 11, 21)
14.021213061001617 4 28 (3, 8, 8, 11, 21)
26.26445353095187 2 34 (5, 9, 8, 97)
52.40065224299906 4 12 (5, 9, 8, 97)
17.808950460981578 2 42 (5, 9, 8, 97)
30.636720612994395 0 16 (5, 9, 8, 97)
39.5051538629923 6 38 (5, 9, 8, 97)
27.22432880901033 6 48 (5, 9, 8, 97)
33.145122368994635 6 38 (5, 9, 8, 97)
19.270779179991223 8 50 (5, 9, 8, 97)
49.22357484098757 0 22 (5, 9, 8, 97)
45.72559105994878 0 30 (5, 9, 8, 97)
14.36674290598603 2 20 (5, 9, 8, 97)
14.152069169038441 8 30 (5, 9, 8, 97)
25.39455706597073 0 28 (5, 9, 8, 97)
15.126667834992986 0 24 (5, 9, 8, 97)
48.187070493993815 0 34 (5, 9, 8, 97)
#extra analysing
19.06053985498147 12 48 (3, 8, 8, 11, 21)
24.478425968030933 0 24 (3, 8, 8, 11, 21)
21.03359513700707 2 26 (3, 8, 8, 11, 21)
18.143676456005778 4 48 (3, 8, 8, 11, 21)
17.222641256987117 2 28 (3, 8, 8, 11, 21)
12.188313090009615 2 38 (3, 8, 8, 11, 21)
22.51276523200795 4 28 (3, 8, 8, 11, 21)
11.489711044006981 2 36 (3, 8, 8, 11, 21)
57.47655526403105 0 20 (3, 8, 8, 11, 21)
18.811093027004972 4 24 (3, 8, 8, 11, 21)
41.07693471800303 0 18 (3, 8, 8, 11, 21)
23.152519257040694 4 16 (3, 8, 8, 11, 21)
10.025465317012277 2 36 (3, 8, 8, 11, 21)
22.8839296749793 4 28 (3, 8, 8, 11, 21)
36.567118956008926 0 28 (3, 8, 8, 11, 21)
46.53402954997728 2 14 (3, 8, 8, 11, 21)
26.019067900022492 2 34 (3, 8, 8, 11, 21)
32.74719826004002 0 12 (3, 8, 8, 11, 21)
44.14134203095455 4 22 (3, 8, 8, 11, 21)
23.712012401025277 4 32 (3, 8, 8, 11, 21)
25.803399419004563 2 16 (3, 8, 8, 11, 21)
24.173036397027317 4 38 (3, 8, 8, 11, 21)
33.42355760600185 4 26 (3, 8, 8, 11, 21)
13.351165279978886 4 34 (3, 8, 8, 11, 21)
24.34339870995609 12 66 (3, 8, 8, 11, 21)
19.11885472299764 6 30 (3, 8, 8, 11, 21)
16.28403628297383 2 12 (3, 8, 8, 11, 21)
27.68357684003422 0 32 (3, 8, 8, 11, 21)
17.954046710045077 12 32 (3, 8, 8, 11, 21)
42.476502848032396 2 24 (3, 8, 8, 11, 21)
17.524219255021308 12 46 (3, 8, 8, 11, 21)
18.838808025000617 2 32 (3, 8, 8, 11, 21)
18.518095389998052 4 32 (3, 8, 8, 11, 21)
32.24184565199539 14 60 (3, 8, 8, 11, 21)
30.445483785995748 4 38 (3, 8, 8, 11, 21)
11.935702452028636 2 34 (3, 8, 8, 11, 21)
18.530404685996473 4 30 (3, 8, 8, 11, 21)
18.77421930199489 4 32 (3, 8, 8, 11, 21)
26.568506120995153 6 20 (3, 8, 8, 11, 21)
59.38174048397923 2 32 (3, 8, 8, 11, 21)
22.52808209398063 0 12 (3, 8, 8, 11, 21)
26.336239197989926 2 32 (3, 8, 8, 11, 21)
24.082088607014157 2 28 (3, 8, 8, 11, 21)
17.017947267042473 0 18 (3, 8, 8, 11, 21)
12.334932459052652 10 48 (3, 8, 8, 11, 21)
48.49836524698185 0 20 (3, 8, 8, 11, 21)
21.063434379990213 4 24 (3, 8, 8, 11, 21)
18.9368281349889 4 18 (3, 8, 8, 11, 21)
21.264674869016744 2 36 (3, 8, 8, 11, 21)
15.815456015989184 0 26 (3, 8, 8, 11, 21)
0.8850418190122582 14 18 (3, 8, 8, 11, 21)
14.998974016983993 2 16 (3, 8, 8, 11, 21)
12.416761428001337 4 46 (3, 8, 8, 11, 21)
27.94261315901531 4 18 (3, 8, 8, 11, 21)
Cache + Classes + Without Alpha Beta
717.2522734719678 6 22 (3, 8, 8, 11, 21) 
650.7742210070137 4 24 (3, 8, 8, 11, 21)
530.4731831229874 2 28 (3, 8, 8, 11, 21)
1114.762347734999 4 32 (3, 8, 8, 11, 21)
1125.3530621170066 4 46 (3, 8, 8, 11, 21)
1653.891345578013 0 34 (3, 8, 8, 11, 21)
174.7532733330154 4 42 (3, 8, 8, 11, 21)
358.52779813401867 2 34 (3, 8, 8, 11, 21)
643.0477110480424 2 20 (3, 8, 8, 11, 21)
262.7857996620005 4 22 (3, 8, 8, 11, 21)
484.66628870996647 4 62 (3, 8, 8, 11, 21)
187.9905725030112 12 54 (3, 8, 8, 11, 21)
1438.8482320529874 0 30 (3, 8, 8, 11, 21)
722.824969193025 4 40 (3, 8, 8, 11, 21)
1466.2634909260087 4 20 (3, 8, 8, 11, 21)
338.26319292903645 2 34 (3, 8, 8, 11, 21)
Without Cache + Classes + Alpha Beta
481.7217273569986 4 48 (2, 5, 6, 7)
125.0460533239966 2 28 (2, 5, 6, 7)
78.78047161499853 8 56 (2, 5, 6, 7)
57.74701891699806 2 42 (2, 5, 6, 7)
49.71252795300097 2 28 (2, 5, 6, 7)
650.6597599379893 4 42 (2, 5, 6, 7)
92.61269961000653 6 32 (2, 5, 6, 7)
79.88414659698901 8 70 (2, 5, 6, 7)
65.69704523800465 4 24 (2, 5, 6, 7)
40.023501977993874 4 44 (2, 5, 6, 7)
66.10803437899449 2 24 (2, 5, 6, 7)
81.45151048000844 0 26 (2, 5, 6, 7)
61.7170446680102 8 32 (2, 5, 6, 7)
45.05461564200232 6 28 (2, 5, 6, 7)
123.87361133900413 4 28 (2, 5, 6, 7)
151.43452465899463 0 30 (3, 8, 8, 11, 21)
76.6314652209985 6 18 (3, 8, 8, 11, 21)
310.4574566499941 0 18 (3, 8, 8, 11, 21)
49.67224453599192 6 22 (3, 8, 8, 11, 21)
286.6792034149985 4 46 (3, 8, 8, 11, 21)
176.56602379100514 2 20 (3, 8, 8, 11, 21)
66.68547794899496 6 16 (3, 8, 8, 11, 21)
76.21339433199319 2 12 (3, 8, 8, 11, 21)
388.9220053570025 2 32 (3, 8, 8, 11, 21)
17.157991706000757 20 40 (3, 8, 8, 11, 21)
63.18689490399265 8 26 (3, 8, 8, 11, 21)
36.28337755899702 2 22 (3, 8, 8, 11, 21)
82.80156568800157 0 24 (3, 8, 8, 11, 21)
44.11922830098774 8 50 (3, 8, 8, 11, 21)
39.23881387700385 10 40 (3, 8, 8, 11, 21)
81.16426918099751 0 26 (5, 9, 8, 97)
214.92866958699597 0 12 (5, 9, 8, 97)
93.5794406960049 2 38 (5, 9, 8, 97)
61.667871522993664 8 42 (5, 9, 8, 97)
21.13714761400479 18 76 (5, 9, 8, 97)
76.70805199501046 4 34 (5, 9, 8, 97)
59.35028893800336 0 14 (5, 9, 8, 97)
57.29903424100485 6 34 (5, 9, 8, 97)
213.66993137499958 4 28 (5, 9, 8, 97)
56.443032559007406 0 22 (5, 9, 8, 97)
201.43768282599922 2 14 (5, 9, 8, 97)
73.77034816899686 2 32 (5, 9, 8, 97)
74.9808067970007 4 26 (5, 9, 8, 97)
47.79116321999754 2 28 (5, 9, 8, 97)
28.482496550001088 4 32 (5, 9, 8, 97)
Class + Cache + Alpha Beta DEPTH 5
0.6490911089931615 0 14 (2, 5, 6, 7)
1.0237331179960165 8 22 (2, 5, 6, 7)
0.9827383380034007 2 6 (2, 5, 6, 7)
0.9181619249866344 6 18 (2, 5, 6, 7)
1.0900482319993898 2 6 (2, 5, 6, 7)
0.8607204160070978 0 6 (2, 5, 6, 7)
0.8487559030181728 2 14 (2, 5, 6, 7)
0.8933296450122725 6 14 (2, 5, 6, 7)
0.9342594780027866 0 0 (2, 5, 6, 7)
0.6849184580205474 2 14 (2, 5, 6, 7)
1.0047375620051753 4 4 (2, 5, 6, 7)
1.4530438040092122 0 12 (2, 5, 6, 7)
0.8766294709930662 0 6 (2, 5, 6, 7)
0.8995004909811541 4 26 (2, 5, 6, 7)
0.9783577189955395 4 26 (2, 5, 6, 7)
1.501726474991301 0 4 (3, 8, 8, 11, 21)
0.6350666919897776 2 12 (3, 8, 8, 11, 21)
0.5889794639952015 2 28 (3, 8, 8, 11, 21)
1.9218924529850483 0 18 (3, 8, 8, 11, 21)
0.6580300060159061 6 26 (3, 8, 8, 11, 21)
1.1809461310040206 4 10 (3, 8, 8, 11, 21)
1.5740833099989686 0 4 (3, 8, 8, 11, 21)
2.6157917339878622 0 14 (3, 8, 8, 11, 21)
2.008425776002696 0 14 (3, 8, 8, 11, 21)
1.3161618410085794 0 22 (3, 8, 8, 11, 21)
0.9623741310206242 2 14 (3, 8, 8, 11, 21)
0.8485478149959818 0 6 (3, 8, 8, 11, 21)
1.3848861070000567 0 8 (3, 8, 8, 11, 21)
0.9810058969887905 0 6 (3, 8, 8, 11, 21)
0.959076583996648 4 12 (3, 8, 8, 11, 21)
1.8274681539915036 2 4 (5, 9, 8, 97)
0.9723123080038931 0 0 (5, 9, 8, 97)
0.8985150190128479 4 8 (5, 9, 8, 97)
0.7493457589880563 0 4 (5, 9, 8, 97)
0.9947629600064829 6 18 (5, 9, 8, 97)
0.4010909569915384 8 22 (5, 9, 8, 97)
0.876585180987604 0 14 (5, 9, 8, 97)
1.0275861320260447 2 6 (5, 9, 8, 97)
0.5457426909997594 4 14 (5, 9, 8, 97)
0.6217170140007511 8 16 (5, 9, 8, 97)
0.861727252980927 2 14 (5, 9, 8, 97)
1.0054719960025977 4 16 (5, 9, 8, 97)
1.360387875000015 4 18 (5, 9, 8, 97)
0.8530334650131408 2 16 (5, 9, 8, 97)
1.23342114299885 0 6 (5, 9, 8, 97)
Class + Cache + Alpha Beta DEPTH 4
1.5777030760073103 8 38 (2, 5, 6, 7)
0.9750100410019513 4 28 (2, 5, 6, 7)
2.34643889599829 2 12 (2, 5, 6, 7)
2.8847860969835892 4 50 (2, 5, 6, 7)
0.9826481509953737 6 46 (2, 5, 6, 7)
0.789812184026232 18 52 (2, 5, 6, 7)
1.6375707279948983 8 38 (2, 5, 6, 7)
1.3684376800083555 4 36 (2, 5, 6, 7)
3.707534079992911 12 34 (2, 5, 6, 7)
0.9548331090190914 6 34 (2, 5, 6, 7)
1.2796436210046522 16 52 (2, 5, 6, 7)
2.588597108988324 2 30 (2, 5, 6, 7)
3.2156807339924853 4 30 (2, 5, 6, 7)
2.2896740090218373 4 42 (2, 5, 6, 7)
1.9993366150010843 8 52 (2, 5, 6, 7)
3.2183560749981552 2 26 (3, 8, 8, 11, 21)
1.5022985420073383 6 38 (3, 8, 8, 11, 21)
2.2117225260008126 6 30 (3, 8, 8, 11, 21)
1.4919116149831098 8 32 (3, 8, 8, 11, 21)
3.3281285249977373 4 16 (3, 8, 8, 11, 21)
2.296108306007227 2 30 (3, 8, 8, 11, 21)
1.1731186980032362 0 30 (3, 8, 8, 11, 21)
1.6587804860027973 2 36 (3, 8, 8, 11, 21)
2.7240660609968472 6 28 (3, 8, 8, 11, 21)
2.193146801000694 0 18 (3, 8, 8, 11, 21)
1.0371208199940156 8 38 (3, 8, 8, 11, 21)
1.783349650009768 4 40 (3, 8, 8, 11, 21)
1.3836670269956812 6 44 (3, 8, 8, 11, 21)
3.384319342992967 2 24 (3, 8, 8, 11, 21)
2.137320626003202 2 30 (3, 8, 8, 11, 21)
1.475883341016015 8 38 (5, 9, 8, 97)
1.4425760020094458 4 28 (5, 9, 8, 97)
2.550709203002043 2 18 (5, 9, 8, 97)
1.287314832006814 12 76 (5, 9, 8, 97)
0.7815710789873265 8 48 (5, 9, 8, 97)
2.815257804992143 0 28 (5, 9, 8, 97)
3.5212358339922503 8 42 (5, 9, 8, 97)
3.254308781994041 0 22 (5, 9, 8, 97)
1.0214617190067656 8 54 (5, 9, 8, 97)
2.027361465006834 4 42 (5, 9, 8, 97)
4.22091249100049 0 14 (5, 9, 8, 97)
1.274781752988929 8 20 (5, 9, 8, 97)
2.3307021139771678 4 28 (5, 9, 8, 97)
1.313172335998388 16 38 (5, 9, 8, 97)
1.5310686780139804 8 58 (5, 9, 8, 97)
Class + Cache + Alpha Beta DEPTH 3
0.17880742199486122 2 16 (2, 5, 6, 7)
0.12395518700941466 0 20 (2, 5, 6, 7)
0.1384447540040128 0 8 (2, 5, 6, 7)
0.11319441901287064 2 16 (2, 5, 6, 7)
0.19344648299738765 2 16 (2, 5, 6, 7)
0.13713489400106482 0 4 (2, 5, 6, 7)
0.3765257869963534 2 6 (2, 5, 6, 7)
0.14556629897560924 0 10 (2, 5, 6, 7)
0.1796028840180952 0 16 (2, 5, 6, 7)
0.14326353001524694 2 20 (2, 5, 6, 7)
0.15886482899077237 2 10 (2, 5, 6, 7)
0.1280988049984444 0 6 (2, 5, 6, 7)
0.14235742698656395 2 18 (2, 5, 6, 7)
0.18355675099883229 2 22 (2, 5, 6, 7)
0.1727654880087357 10 26 (2, 5, 6, 7)
0.36041337900678627 0 16 (3, 8, 8, 11, 21)
0.3372630880039651 4 12 (3, 8, 8, 11, 21)
0.24140237900428474 2 4 (3, 8, 8, 11, 21)
0.25855865600169636 0 4 (3, 8, 8, 11, 21)
0.16483604200766422 4 26 (3, 8, 8, 11, 21)
0.24999808400752954 4 12 (3, 8, 8, 11, 21)
0.3760487599938642 4 14 (3, 8, 8, 11, 21)
0.1517807820055168 0 20 (3, 8, 8, 11, 21)
0.30940138499136083 0 16 (3, 8, 8, 11, 21)
0.24543240098864771 2 20 (3, 8, 8, 11, 21)
0.34311911099939607 2 20 (3, 8, 8, 11, 21)
0.17108784601441585 0 16 (3, 8, 8, 11, 21)
0.1915068620000966 2 26 (3, 8, 8, 11, 21)
0.22608111699810252 0 14 (3, 8, 8, 11, 21)
0.19869227998424321 2 10 (3, 8, 8, 11, 21)
0.1608450429921504 2 10 (5, 9, 8, 97)
0.21877338702324778 0 10 (5, 9, 8, 97)
0.16235741699347273 2 24 (5, 9, 8, 97)
0.2497561770142056 6 24 (5, 9, 8, 97)
0.27190295699983835 0 14 (5, 9, 8, 97)
0.1221207240014337 0 6 (5, 9, 8, 97)
0.13017744198441505 2 18 (5, 9, 8, 97)
0.15200082398951054 0 30 (5, 9, 8, 97)
0.28419357500388287 6 26 (5, 9, 8, 97)
0.1510995070275385 6 16 (5, 9, 8, 97)
0.17602684599114582 0 10 (5, 9, 8, 97)
0.3722156829899177 2 18 (5, 9, 8, 97)
0.147717450017808 0 6 (5, 9, 8, 97)
0.17052165200584568 2 8 (5, 9, 8, 97)
0.22536968198255636 2 26 (5, 9, 8, 97)
#random vs random
0.6277444980223663 424 388 (3, 8, 4, 5, 21)
0.6423397950129583 392 394 (3, 8, 4, 5, 21)
0.6467097119893879 432 458 (3, 8, 4, 5, 21)
0.5513935739872977 304 314 (3, 8, 4, 5, 21)
0.6922945820260793 400 444 (3, 8, 4, 5, 21)
0.6122805079794489 408 388 (3, 8, 4, 5, 21)
0.6647644389886409 432 428 (3, 8, 4, 5, 21)
0.684406383021269 390 398 (3, 8, 4, 5, 21)
0.6414469759911299 418 414 (3, 8, 4, 5, 21)
0.6618311959900893 396 416 (3, 8, 4, 5, 21)
0.5984892020351253 418 420 (3, 8, 4, 5, 21)
0.7078448319807649 432 404 (3, 8, 4, 5, 21)
0.6136340809753165 442 418 (3, 8, 4, 5, 21)
0.7078859200119041 400 408 (3, 8, 4, 5, 21)
0.6177074919687584 420 428 (3, 8, 4, 5, 21)
0.28534927498549223 180 210 (3, 8, 4, 5, 21)
0.40408199199009687 274 270 (3, 8, 4, 5, 21)
0.7208373689791188 370 402 (3, 8, 4, 5, 21)
0.6980452149873599 364 374 (3, 8, 4, 5, 21)
0.6271371089969762 436 378 (3, 8, 4, 5, 21)
0.6276597979594953 416 424 (3, 8, 4, 5, 21)
0.7309576460393146 430 390 (3, 8, 4, 5, 21)
0.60706124198623 364 408 (3, 8, 4, 5, 21)
0.6432621579733677 388 406 (3, 8, 4, 5, 21)
0.2219164950074628 170 188 (3, 8, 4, 5, 21)
0.6346777679864317 370 406 (3, 8, 4, 5, 21)
0.7271086690016091 448 420 (3, 8, 4, 5, 21)
0.5681773339747451 336 402 (3, 8, 4, 5, 21)
0.6285667000338435 448 364 (3, 8, 4, 5, 21)
0.6180772560182959 440 376 (3, 8, 4, 5, 21)
